16384 8000 2
6400
603
8753
6757
5479
1291
4615
8318
9742
2432
6798
7934
103
4111
6626
647
2974
1914
359
2728
2469
5792
3343
9882
455
9626
8870
9634
1312
5377
6853
2779
832
6914
2488
799
5085
9289
6130
2052
918
6466
8331
8495
3779
6785
4
4174
5278
2160
268
8940
7734
7416
4918
1862
8526
8731
4157
9009
6925
3805
943
973
4248
4206
6218
8021
7723
4050
2438
3089
3475
7898
7239
2189
6995
2550
3325
3924
8215
3046
4822
3326
8192
6053
98
4703
1576
6518
6353
5962
8719
5981
7180
6065
701
2116
9357
7517
1446
1896
1890
770
2961
6587
3852
6530
3257
4137
1470
5930
6526
5602
1424
6553
645
6745
5621
417
8051
1970
9662
1009
7341
4980
9180
92
4117
332
63
6081
3476
4289
5106
5904
5088
7007
4523
9920
3876
1496
9660
8719
6558
2207
9660
694
7233
6120
7763
4294
3992
1110
2430
7489
3329
826
7031
4531
750
280
2263
6868
8377
3431
451
2181
4159
3771
549
534
8276
7878
3961
2208
4751
8769
524
3857
9968
2483
4646
7102
9371
8623
9933
8991
950
6041
6804
3008
6945
142
4817
2386
4990
9902
7330
9758
180
5056
7934
3017
9254
9285
453
2981
3195
9374
6990
7611
8875
7704
2739
5430
1156
6980
5403
2900
4843
86
1468
1419
2754
6773
3310
5427
3215
601
9549
889
5820
2358
123
3230
8086
7605
1136
2028
7887
5494
1394
3759
3321
3220
1629
9000
5055
3671
6558
8579
3462
1813
5181
6696
6271
598
5708
9523
9101
9127
1212
7527
9347
4233
1829
2811
153
1947
6354
445
2619
5489
802
9426
9920
7619
5185
4639
6772
3675
4257
7953
6965
7333
6763
8595
3133
5278
6978
2726
8266
2668
6648
3831
2199
3360
603
9263
7769
8245
692
993
5343
5302
4068
1459
7460
7219
9147
2250
6546
3971
8134
348
8977
4797
7262
3350
4420
4658
9604
2975
754
2603
450
914
5636
102
5061
9483
2402
2011
4059
4034
5381
3993
9412
8929
9726
9529
4018
2998
7083
1547
2014
4048
6803
1244
6167
8858
103
7365
1441
2585
5547
8598
1578
3709
9815
8593
3976
8828
4766
7407
6723
9046
1535
2839
7950
7511
843
5980
3072
6699
2839
2360
7679
7875
5742
3760
9937
6207
4519
1278
3837
2035
4846
9389
9368
4753
8087
9174
204
5981
9074
647
3790
6079
1085
1166
2693
5756
8430
3495
1416
7243
3968
4241
6331
6466
5284
2691
4267
9500
1986
8604
3130
904
5401
3243
5711
1117
7727
386
4711
1359
500
8969
4282
6165
9108
7909
4501
5381
3883
9139
9868
7741
3266
4251
6479
7334
6947
3602
4846
6432
97
5208
3557
5831
8531
6728
1148
9883
5145
9204
3085
8873
2676
4513
2100
6899
8464
4797
3174
6767
1665
9220
3522
6468
5289
31
9289
8125
9700
5875
4703
7877
7848
7447
5529
7694
1687
1507
232
4799
1128
9207
3359
7991
4651
1749
7203
1988
6474
5661
9173
9698
5302
8624
9487
6985
8257
5406
6408
4228
2304
6860
5106
2333
991
5741
3061
8780
3216
5344
390
6975
2228
6816
4259
4610
6634
5020
2986
2393
842
8829
5536
2147
7528
3495
7556
7767
8623
4465
9951
2703
581
9497
9038
7975
5672
9314
215
5211
6863
9819
1880
786
3153
1385
338
8210
7743
3208
9131
2291
1693
9388
1151
8021
8377
6607
8444
7511
8224
4672
6224
7851
8231
7104
1989
9030
3242
5596
9718
5551
9855
2363
1460
7946
4895
2824
5681
6401
2504
8073
5048
5692
4075
4875
7886
9486
497
4193
9131
9884
2149
7758
6988
3617
8552
5269
3006
7566
6176
458
7595
2220
7414
1976
5171
498
3748
3072
320
9033
4334
4527
4368
1347
6142
1422
831
2762
7857
8271
6216
5755
7004
1408
6818
3787
6381
2685
1466
3041
5192
4370
9844
434
2172
1786
6110
3965
1252
3942
559
6682
1537
7933
4938
5213
4231
6090
2051
4793
3437
7479
8812
2354
826
6251
3033
2867
698
8429
4437
3942
4019
7611
2093
4284
5803
9154
1673
5336
1426
9048
752
3892
961
2355
4613
155
7146
72
4280
3017
7217
4019
1973
2208
8039
9797
6360
7798
189
4736
6630
7380
1784
2525
7714
1080
8810
6098
9454
7632
6070
3292
1721
7348
8357
2851
2419
3370
289
8867
259
8179
5961
4156
4948
9777
3038
8032
2536
1584
6347
6997
7736
1200
8044
7387
5651
2340
621
9640
5981
9317
2666
517
3482
5292
1193
3262
2188
5755
4602
8385
8974
4318
8017
538
2785
9719
6234
7224
9290
5158
8715
8336
3435
5930
3501
9746
5368
3597
5804
1448
1833
6174
1670
6592
6128
9296
6871
9498
7808
9232
6515
7338
2708
680
2706
4578
1034
26
3535
1098
8357
9223
3306
2750
8381
9044
1752
4205
2358
9346
7196
8821
8291
5172
9556
1703
9725
8426
9458
6715
2701
4505
8128
4809
8768
7774
3601
8246
8340
8729
6825
9441
953
4102
5307
6391
2667
3397
1406
8312
872
8423
9931
8060
7468
2964
6163
6005
8817
1184
2433
9289
4380
7803
9514
3387
1207
6658
4497
7858
4483
7953
9700
8172
9609
5245
810
7324
4058
2530
7906
7280
2572
2723
8933
4373
5257
5855
6880
9067
4734
603
1541
4963
7120
8442
3562
9918
1931
6913
4129
6283
4007
203
6370
8247
8169
8357
4162
134
503
6404
3774
9288
9166
9139
6196
2740
5810
4828
5499
8990
3528
7057
872
7151
5777
963
9927
2889
554
1876
8430
8986
7182
357
190
6480
8494
5851
786
3314
9193
6387
958
6591
0
5255
5153
5127
5853
3134
3015
5822
9201
1882
6517
6201
1924
7145
8295
7816
7938
9529
3241
2996
3623
7721
6548
4928
6522
8956
778
8044
9031
5987
9878
4346
7664
7015
971
1454
2983
1108
138
3719
4478
7393
8924
9578
5426
3818
8775
3994
2019
8455
7003
779
4641
1193
9023
6227
5055
9481
1479
5856
7642
9909
8425
5851
3681
3431
2996
7614
9161
4190
7527
665
4455
6248
4150
231
5864
3545
11
2728
7778
2025
9964
8847
1388
1659
2627
5028
769
6329
9578
9527
4007
5130
6929
7771
6536
965
9777
9553
5232
9590
2098
1972
7918
6284
3463
8310
6679
2950
5213
4981
1951
9360
611
2499
7077
8958
7739
6375
9750
8909
712
5414
3779
8263
3750
6904
6378
726
5754
4677
8663
1931
8150
6846
9349
6501
9744
6239
6135
1760
8543
2921
8171
3371
1005
5904
5802
4936
9350
2825
4393
2849
5289
9633
6618
3937
9449
8670
9057
1799
1170
1770
8664
111
7846
434
3121
4257
6176
2970
725
4663
1065
8997
7705
6645
9609
7711
8595
1039
7999
4892
3047
9279
5657
9648
9537
2556
3554
7143
3883
22
5748
9463
5613
1425
518
9146
5576
1088
7124
6650
162
8754
2887
6558
2042
9369
6329
6285
3696
5597
3187
6712
5005
5781
7532
8313
1936
2044
5456
8564
9470
1498
5557
2310
9029
9568
7319
3082
9949
7888
4354
605
7132
6734
2231
7400
5421
5016
6490
8717
3007
2920
8024
5232
6584
6492
1349
4629
9891
6432
1456
4880
6109
695
2616
1471
3859
8625
2480
2254
3324
4653
8153
7886
1502
4668
4689
3457
9850
4540
6828
7827
2662
1361
1796
5582
6845
6863
4285
4910
8696
8926
2462
3695
4834
5845
1332
3452
9249
7259
5632
3768
7236
3242
1970
3473
4118
6766
6680
7358
4126
4012
8270
6231
1358
7130
3542
8209
2611
6316
2941
6171
95
8310
1352
1862
8240
2221
5705
5404
4751
9595
3292
269
9292
4288
5805
1055
9869
463
7072
3511
9320
6284
5734
6603
203
1070
6029
2490
4276
7233
7939
9692
3884
9579
5502
5805
4610
3476
4628
5900
9615
7190
1908
2485
4894
5602
5500
2044
7397
1680
9392
3334
9679
3736
2855
70
6115
1567
1964
7210
4956
5373
7814
5051
5940
8862
1728
8500
427
7414
328
7354
3986
8569
9071
8273
4428
2622
3679
7769
7010
8273
4128
3753
5563
7291
2656
1269
8791
817
6399
6779
127
1789
2979
5238
9484
7900
5560
1503
2279
6056
1108
7405
4318
539
4953
2809
5267
8195
9759
3757
2816
4035
4060
1674
484
9369
8020
2803
1516
334
1213
4149
7477
1900
513
9470
6213
6996
5000
3701
8807
5370
2641
7187
3335
592
97
7130
653
5142
9110
7184
5504
9901
3888
7160
5792
3699
4384
5991
6411
1940
8278
1644
2991
3688
3692
374
2050
3167
1380
6139
1618
1509
4556
1433
6754
4008
7932
4349
296
7754
9980
9808
1619
9843
5291
5081
1436
8024
9181
9154
6730
5789
1044
3989
5999
153
2452
8524
67
7341
6464
8017
3848
2685
5335
4758
6393
2656
9001
5600
4971
6725
3828
5679
4836
6372
533
5670
6848
1785
7999
530
8461
5406
5277
3609
4991
3120
429
4896
4811
9026
8928
1661
6143
232
9054
9897
6795
1839
6382
7025
2261
2941
8422
3746
3372
1972
7511
914
6009
5868
2823
5113
2979
4417
5471
2018
4454
7749
3826
9684
7196
9908
1500
7247
1407
8992
1461
2146
2971
6361
4194
3664
4910
7398
8576
8206
4360
7869
1054
3613
5510
6941
2053
624
7056
6703
2157
8087
3661
654
8528
2475
4848
7795
731
1281
6677
5373
3226
7916
8127
6114
8008
9800
8397
8077
4165
7592
1312
873
2941
4595
7467
8494
9269
5188
4074
2732
6979
3359
2538
1187
3790
7265
8664
4704
4617
4131
2060
9329
6503
9111
8818
4593
4352
521
3710
6416
9055
4795
5438
7726
6488
457
9905
7412
3961
5722
8914
8467
2416
5418
2523
5192
9260
5145
1832
1434
9712
4141
2972
4054
3156
4218
347
286
5230
4767
8522
6046
4261
7631
7126
1294
7549
5142
7241
4838
8162
5218
4588
7410
3892
9093
2324
4816
2323
4092
7072
5899
7141
4662
8729
7200
1400
645
815
6247
556
1342
2338
1182
3376
2778
3421
3984
4155
6685
8785
5715
9918
5461
7766
183
5128
4215
9649
3056
530
118
9949
8318
7759
5529
5158
2694
3739
3947
7755
1115
1177
982
2586
3732
7498
6640
4509
7615
4015
5561
8869
5478
7032
6192
6564
9599
9291
8445
7347
4930
6536
7197
4423
3262
1661
4038
7165
8900
6725
4860
2685
9571
2872
8955
7433
4592
9139
6450
3259
134
813
2458
1731
6072
1839
5871
5735
8723
6852
7480
5587
9540
3030
4041
8740
8675
4572
746
4579
5770
832
1297
2795
499
3124
1692
9148
9567
3461
3591
6380
1759
425
2646
6509
9678
7616
9083
2220
191
5920
1324
782
8696
2561
6296
400
2059
4705
6157
5897
4125
4001
3747
3464
6167
1332
1712
7112
7546
9877
4415
1487
887
2482
1947
9175
9365
5441
8075
5580
9750
8831
1774
9620
8367
287
653
1532
8905
3843
4491
8697
230
4354
767
9941
5292
8368
9307
296
4825
935
2400
831
9287
5178
6360
3212
6870
5695
6389
3622
7802
4015
59
9690
5484
3559
7801
8613
3328
6777
4428
8284
5935
7634
1457
7921
2457
9502
7732
8135
2022
7116
5738
1329
4369
1373
237
7778
9580
2208
5510
5092
1168
65
6999
4720
1097
3108
3861
2356
7813
7463
934
6427
5094
4622
8358
8502
1413
5669
1247
5762
2417
6296
6421
2050
5648
5172
1168
2452
2978
4469
4633
1147
4843
850
7612
7731
2058
7509
9565
3634
1322
6271
1795
8717
8827
7348
5068
3053
6988
4973
2927
7199
8249
1844
9732
6046
474
1474
2386
5587
2127
4392
4930
8792
9218
6356
5208
5810
1945
7538
8265
1366
9564
5826
7746
1069
5603
5940
7348
1813
1116
9620
6145
8129
840
605
5011
7840
4608
1935
3952
5966
3744
3164
6007
7680
679
7919
5800
248
6251
1331
6379
2128
7148
9158
7207
3994
4224
4473
4779
2957
749
1777
589
4931
6905
1046
9496
1962
4470
6767
5974
4101
9950
9731
4013
1900
3447
1715
6658
9857
9421
4565
6569
6406
8681
7266
3905
4743
8319
363
3329
3655
9138
4999
9835
6947
2590
3003
6176
606
7958
7395
5736
7509
748
9358
4868
8925
7624
9233
2557
9226
9715
6121
7876
1694
3172
4950
2555
8348
7325
6431
3161
6641
4865
5551
5273
3232
9664
3207
4532
7332
3016
6019
4384
4928
8751
4620
4678
4043
5180
386
8447
2023
5908
4933
4729
9152
2277
8648
2278
8080
2716
9850
3493
95
4696
7067
3623
5793
1472
4121
1146
4532
4489
823
2057
6549
1967
4225
2329
1291
2494
5324
3976
46
4901
161
9480
981
3787
9094
5596
2905
6632
1447
4471
40
9714
2452
3591
2540
1917
1147
8011
7349
2549
1655
2256
7973
5863
4905
9120
3765
3539
7183
4655
3582
4656
2860
2944
7320
4492
3398
2397
6839
8545
7108
10
1263
1862
1158
6845
1293
1489
7274
5653
1815
2747
4778
6694
3479
3063
4817
2010
6422
3450
3168
3896
409
7446
9955
7925
1954
7674
5681
5065
6192
6319
872
4258
607
2918
2242
4871
8579
8602
895
5688
6040
6592
4524
9250
5831
777
1687
4716
5876
4873
3140
3258
2192
1344
3944
7136
4479
3187
3812
3908
2390
8472
6879
3978
2381
3743
4912
4429
6216
6945
4833
6770
9212
8198
1663
8778
2834
1003
5369
4204
5764
9271
6219
5830
8271
5277
9880
8925
2638
6378
4144
9069
582
4320
1643
2704
553
7525
4463
6925
9559
5424
4500
7372
1984
5058
478
3563
1810
3969
584
1087
8280
8565
8737
6204
7430
8747
1965
7228
560
4876
5528
4244
8049
7869
1476
7755
7276
4177
2148
8973
5647
6111
2629
4793
944
4314
6837
8515
1338
4393
417
9212
1864
2182
8678
5409
7049
3665
5473
3044
5789
3873
5375
9082
8646
8685
6628
4055
4595
2910
8016
2499
4924
7401
5953
5786
5378
6120
7296
4380
1748
7963
3603
9358
542
5056
4540
5038
8750
8289
8281
3000
694
455
5576
4691
4674
1201
8137
400
3655
1230
6652
2931
5395
3131
8422
4939
1929
2408
2138
5464
7498
7125
7091
4560
4319
4985
2845
3712
6690
4619
3412
4895
9606
6332
6656
6013
5366
7741
9969
8771
8255
6018
8693
2493
7222
2267
7176
7070
9874
3699
1420
3970
4018
4479
6623
1968
484
9398
3720
2283
1350
7485
4514
4552
2297
7097
3545
4923
8554
9857
6802
2776
1388
6084
4695
5920
1273
2022
7405
3398
2935
520
7578
2251
1857
9477
2613
1352
2469
9346
6226
3993
5092
4998
6221
8044
125
6202
9760
2912
9320
490
8266
9765
5914
7320
794
8013
2295
7895
6617
4931
2486
9567
2650
2748
4787
1467
9413
120
5956
1447
1939
951
270
9350
655
8622
1870
3887
8815
429
4564
378
565
7535
7410
7007
4882
9076
2673
3100
4827
597
3138
5091
8022
6955
4076
7810
6725
100
2990
1267
2402
6790
5576
8669
644
3304
2760
8383
3622
6653
2778
9160
2255
6823
2443
927
2415
2355
3572
8877
8843
8330
5244
4405
5223
4940
927
6601
1530
1425
8202
7387
384
9536
795
576
5154
5428
4695
1811
8280
3347
440
9345
36
7163
5389
792
7885
8490
5263
9089
9210
9862
9709
6191
1343
3781
7687
1569
4838
4317
4477
3963
1435
8312
3951
849
2400
6763
3183
7611
3756
9930
3284
1664
2260
3958
885
6051
2477
9999
5562
4810
558
2197
779
9024
936
9803
2970
720
6543
8862
7140
4304
3768
1267
8442
695
6300
3305
2442
1666
1865
2818
2875
3891
5079
6189
1539
2693
4623
9668
2017
4047
5002
1867
222
4454
9395
9799
1844
9210
5056
2353
6541
8957
68
3154
1461
40
9249
891
4050
373
6872
2434
3222
3464
5365
6507
935
861
544
3609
5526
2159
3567
1881
1216
5827
2343
4726
322
1199
6215
3981
5081
3105
9590
7919
5516
439
4272
5635
6589
5659
2623
5131
7263
530
2915
6597
258
1870
1807
1725
2637
6331
1754
2568
3605
4635
8059
1714
3467
4754
7960
7037
5774
1246
9782
262
7522
6610
7904
6429
6353
573
3276
3343
467
9314
909
3020
4233
3646
6044
2330
6720
8225
2751
6710
4943
494
8388
4534
525
2279
3570
507
6159
2234
6475
634
7177
1952
8964
1611
5404
5095
5443
8007
8114
2681
8203
4496
5609
5929
8192
921
434
3404
4815
5442
6544
9053
1833
1633
7796
4683
7927
2486
9996
9056
4539
2966
4180
9628
7269
8844
9482
6133
8962
1136
4425
1590
5892
1031
45
128
6253
7193
111
5526
744
8630
2289
1594
5583
8752
1331
519
6186
9354
1430
9841
1785
7890
6301
6779
6119
5042
1706
681
3534
5914
8199
3334
1626
2097
4441
149
5290
8391
9921
935
3673
2569
4120
3671
1489
4753
3042
8789
4080
8659
4849
9997
1893
2954
2974
6832
6981
9252
577
472
7672
6264
9131
3045
7781
4244
769
560
9544
2625
9630
1952
5810
8168
3572
5647
1415
203
7735
1115
7135
6677
1209
6030
9137
6686
1303
7178
9855
279
5878
2700
6477
978
4702
7217
6230
3255
5432
4330
9574
1035
3088
4957
6490
3861
8136
5279
2727
138
8924
1439
6296
936
8806
2605
7962
9301
8342
696
8502
1514
3452
1599
1669
8477
8722
2508
2328
9374
7627
41
757
4457
6195
5900
6978
7435
7794
4161
1215
3820
8358
7635
715
9146
5873
4203
8471
2293
3492
6024
250
7335
5034
938
1027
6714
9726
6203
3114
4059
9329
2589
7883
4204
1280
224
2974
890
213
9098
441
3271
4370
5517
5424
8706
803
2679
7210
7116
5818
6847
9222
9243
6566
1696
1298
3874
8296
8622
9397
928
162
4289
9798
3561
1973
5715
4782
3349
6501
9985
7801
5285
194
3407
7706
7646
4041
7956
3274
2921
7646
6375
8136
9063
2228
6014
6800
692
3352
2357
638
1844
9423
4875
8645
7045
8486
3693
7512
4979
5955
3567
4809
6520
7939
4871
600
9605
9832
9843
1630
6691
9692
8310
63
321
2919
3786
6506
9321
9399
6890
7530
6204
8866
8081
118
4069
8307
3389
5914
6502
529
1016
6833
7062
6241
6148
7299
336
3457
4185
7091
3412
7063
3928
3967
7183
1905
1161
1198
1955
8357
9130
4533
9746
7642
1879
8748
7038
5482
6249
9385
1701
4022
6070
3048
1387
3335
5320
5528
3015
1822
5707
1649
671
5865
1673
2684
9913
3661
1581
6130
3795
6298
2081
8329
4892
7584
4562
7777
175
874
1797
4043
4623
4626
4645
6300
247
6689
241
8344
2490
1294
1082
3848
9485
6944
5678
9724
2462
8754
8237
1122
6463
8236
7757
4463
5677
1433
317
5681
9627
4787
8646
3676
3580
7124
8143
6252
9818
8507
8973
1843
8770
4475
7006
7019
1431
9305
7774
2297
5393
1445
2846
5040
825
8804
8456
3636
2152
6683
796
6923
9851
9798
8876
7032
6997
4869
8834
9406
7322
6504
1826
5667
3872
1542
1966
2038
7155
1840
1185
4541
6842
9505
198
1389
1102
4754
1120
3693
4691
2827
4098
5526
1205
1510
9950
3154
3135
1579
1801
1393
6891
9541
3786
8522
6594
4996
9242
9052
7926
9635
6315
6326
5639
7233
3044
9796
9721
1645
2475
3956
1286
7695
3976
2061
5640
9256
8985
9384
8062
9828
9820
9177
5166
6241
1976
1632
6297
7822
4659
191
8728
5998
5732
4659
5829
3547
2998
578
7022
9161
8901
4555
3509
4420
2207
9240
4665
4463
8813
7174
8183
447
6998
207
3402
6079
9075
104
499
4338
9959
5561
7670
2903
516
729
6460
2131
1869
1764
781
3986
8636
6653
2005
5812
1316
6718
3071
3788
351
6361
7593
7358
6028
2077
7735
4273
7650
6626
5549
5312
8982
8659
406
1035
4545
1376
497
1099
1036
8848
9427
2167
6232
5042
48
5976
15
5377
9377
2280
5107
373
5874
6656
4239
6546
1992
8260
7228
3935
9374
3839
1966
3687
9647
5559
5440
4780
3989
9896
4785
9357
3839
5562
8739
225
4836
5092
1724
1615
1979
5595
8835
4883
1253
1838
7799
5588
6333
9818
9915
2616
8832
7511
4093
4230
9589
7913
9744
4591
3767
6108
5794
3397
190
310
7758
813
2788
991
948
3428
5870
5427
6948
6659
7684
5354
7401
7128
8898
8020
6747
7287
9185
9094
433
3240
9172
1889
6962
656
1847
5411
5295
4284
4903
6703
9239
2553
6099
8343
6416
459
6569
1824
2455
5371
4397
826
1620
4005
3949
1820
8567
365
2237
934
1005
6716
8315
3602
1885
5329
3951
6208
9306
1782
6132
3065
4935
2003
870
145
8497
4048
6206
2380
9007
1393
1134
8283
3049
2569
834
3475
920
1790
2687
2504
3479
6381
5479
5588
6926
5494
9601
8064
7262
2591
1480
483
7992
2991
2628
5857
4240
9209
6808
6594
9352
1973
1311
4565
5345
5101
5437
3045
8023
5992
317
5121
6362
8279
3338
5837
6402
7740
9454
1710
9940
5127
5479
2802
519
9217
7430
511
6670
2824
403
5673
7392
7650
4895
4019
8357
8153
4822
356
2753
6900
3310
1796
3023
5030
1850
1418
4022
4953
2232
2732
8646
9390
4015
8480
1770
3820
5770
105
4125
5629
9123
7637
5660
8829
8294
9746
4765
5645
8801
9069
5951
6035
5469
3642
2127
6939
8962
3835
425
3661
4765
1752
3595
4490
445
183
7218
5031
1700
440
9746
77
5761
5370
9017
1711
8057
7419
3692
3780
9581
9085
7386
2230
7226
1212
7238
3936
7476
9935
865
8331
3334
6882
4895
4135
8990
9511
5108
2013
3573
9165
6129
4506
7523
6614
5026
4047
1538
263
9764
8742
8943
5739
439
9228
3747
7354
5218
7115
6769
3052
3201
5859
6087
1417
6621
9291
6047
2845
5447
5730
905
8179
8654
885
2781
9610
4341
4335
3296
9454
826
3558
4541
8797
5591
1158
3710
5953
9210
8860
7797
7285
8628
6018
1918
7692
233
7191
7762
4742
3160
8038
4368
1478
6744
2894
1912
545
7029
8899
1467
661
8099
6549
444
785
2455
8573
3068
3278
6657
3540
7681
1416
8466
4370
6282
767
1153
8264
8927
197
5711
3738
9911
4653
8176
11
860
5702
9368
6982
3738
8181
4363
3285
6381
109
8260
2717
4881
1950
8550
8845
3492
8449
2343
6904
3496
1432
1364
4927
4001
79
2620
7513
1000
9451
8404
1165
2969
9788
5272
3654
8017
776
5475
4224
9133
532
4304
8932
1026
1744
339
3573
402
2693
8222
6145
3755
2693
3497
8234
7221
5726
7858
5448
6362
6862
252
5568
3542
8050
4588
2168
422
8295
1880
6714
1596
371
6105
8982
4216
968
1767
9199
777
8795
8460
6005
1194
4683
3629
7205
6569
9510
9171
8895
2905
1849
8148
2135
3910
3998
992
7025
2547
1210
4462
7752
1894
9260
3046
5252
4133
8192
440
2618
4205
9242
3612
6246
5012
1557
1395
4349
1772
3839
2884
2211
2155
3647
6751
2361
7351
2196
1491
6264
6332
4125
3147
5920
8240
7817
8357
1325
6053
3965
6582
6217
5203
8279
9952
869
9611
654
5250
8176
578
5706
1800
2494
5682
6936
6743
7564
5883
452
6620
2009
7832
7275
9415
5195
2122
7262
7138
663
7040
8823
8773
4643
3724
6118
1061
57
5175
2010
8700
2584
9057
5201
5480
7644
7077
3767
1666
882
1559
1748
6548
5160
6519
3108
9446
4513
812
8165
9382
6973
4607
153
9760
4847
9447
5757
5889
1794
6623
7759
2719
608
5385
4740
4022
8714
9709
7277
5257
527
5787
7584
6542
6320
6519
9846
3493
817
9240
3112
9023
5420
4995
3687
2460
7438
1576
1658
3828
6926
3634
7168
2871
7846
2203
2638
6820
5735
6448
8897
3012
2973
739
8536
4504
7264
999
3100
6819
9614
4366
8181
3113
1302
7244
7032
6433
4551
708
3449
8340
5934
6043
5304
7726
2629
8540
6997
8598
2495
9475
6129
150
1488
3094
6451
6868
5871
5665
7458
8484
8865
4990
2080
7569
7106
2895
4884
6850
5014
4131
4778
7879
9341
9568
4100
6506
9689
3078
6038
158
2091
4744
1538
9100
694
8438
9652
8476
9417
5747
1450
8582
4285
5448
4627
2100
1017
8394
3973
3576
5380
2884
9414
1973
4873
868
21
3067
5418
9366
6196
6445
868
5307
4348
4194
2484
889
6693
4613
4947
2931
1935
4789
6281
4276
9284
2133
8153
7201
3060
2914
436
5445
2668
4297
2531
4616
3489
339
3883
1188
1849
5989
7891
6690
4453
7079
1637
8416
3471
9880
2491
6893
7314
3311
2470
3066
7944
9740
8152
6085
2846
1224
4017
557
1393
8834
1250
7438
5613
6373
1623
8691
7350
9041
3211
2523
6530
1478
7741
6819
4871
4796
7411
1184
3925
3986
8685
5235
2785
8630
8744
5957
1936
7764
3429
2703
1673
2201
7105
2305
4922
4596
5806
6135
6966
3170
8494
5710
5385
9341
7737
2393
315
7602
6024
7513
4227
1674
7413
1039
2302
227
9781
9270
8293
7204
3794
9588
4198
2040
3143
8874
3123
4341
7352
9709
6560
1532
1183
8957
9766
5505
3138
1274
3743
637
227
7792
5083
4536
5698
515
6650
5005
1981
5191
5293
1739
1786
6704
6257
343
1646
9700
2806
2302
2873
5342
9494
8783
6605
698
219
466
3467
4322
8339
1613
6183
4984
8817
1946
3208
7630
1960
9670
5867
7796
242
790
5418
3308
2599
7365
8861
1060
2604
8943
254
4498
2
5056
2925
3290
3780
802
1064
433
5707
1900
9408
5375
9677
7443
1258
8183
7348
1583
3406
8050
9974
389
7291
1385
9653
8572
7604
4853
826
8026
4008
9084
7183
7681
8992
251
1652
8865
8758
8367
2019
1395
1023
1677
9116
2270
8870
6660
1779
3287
2836
5100
458
5462
6858
922
6798
2388
1086
9323
730
4214
9320
7945
9868
1280
3260
7948
2187
2959
4505
3525
5690
2875
9314
5202
5235
3432
9138
2669
3714
7678
4976
2958
5216
9709
7387
8595
8826
9564
9993
6300
5556
1326
9891
4368
4667
6756
181
6514
8336
7105
2428
4007
2623
5004
99
5546
1626
82
1181
1593
2223
4842
1518
1401
547
344
7625
8336
29
2044
6139
9886
3817
7309
3143
8406
5990
9554
3311
3082
6357
4307
8712
3802
5748
4028
6283
6099
7847
4057
6037
6835
8164
8922
1336
9535
4954
431
5234
5048
9944
6445
5106
3486
3165
4091
1580
7527
2003
6775
9592
7455
7670
6888
7239
4944
1101
6858
1070
2728
4884
9605
8613
7967
8409
7185
12
1616
1525
5192
7556
382
5784
5485
66
8413
4855
3040
1564
679
5902
4695
666
1395
907
9449
4480
8556
3292
4873
4255
5332
2285
802
5491
6001
4798
5934
4038
7933
5176
6167
2307
5610
1774
659
3928
8153
3886
1784
6108
1457
7868
4241
4736
8916
7308
378
344
9380
7811
471
3272
1114
1517
7290
4410
5459
8256
1612
3648
3712
6001
3646
5096
1637
2177
936
1617
4351
1306
6980
9054
8939
3841
8949
2228
7273
1391
6896
4833
2323
1477
3322
3883
3481
209
4923
6320
6407
1361
5670
1120
447
3789
5131
4707
5946
2939
2171
4857
9054
4799
1755
5627
8691
5026
3497
266
6403
9326
2683
7624
8334
6545
4639
6129
5053
7304
6363
9911
7017
2923
5215
7367
4938
9838
3403
9226
2124
9148
2795
3262
8327
7322
2336
4042
3866
2233
7435
2318
8822
5259
6788
2389
5163
929
5257
5440
2782
9626
2246
1858
6936
6418
2694
2625
9393
7363
4847
6058
6343
3273
558
7914
2816
908
9893
9732
4559
9
1523
9556
1835
6470
6993
8108
577
2030
829
6838
2792
5124
6946
391
1283
1447
3405
6766
6024
9930
7219
3208
8993
2121
4178
7374
6609
9361
4751
502
5906
1963
9608
5742
4830
9443
3114
4782
1881
7097
9735
3331
7029
7819
8971
5872
232
1917
6679
571
5887
7828
7942
1325
1543
3475
4652
6658
9496
7430
4329
8986
9646
1720
591
6809
642
56
5115
1410
8009
2016
5905
7969
5163
8667
8493
8412
7713
6818
8608
1680
54
6708
3396
5649
4910
1579
4656
3274
8565
2535
5754
8962
3813
9977
4909
1718
5065
3069
6872
6469
9977
7477
2122
3662
9820
7974
5446
9611
9375
3294
2391
1038
4958
4548
8645
6304
3029
3057
5436
2050
4740
4268
8980
4241
9982
5388
2096
2106
4722
414
6273
2760
704
5411
6947
6609
9912
3481
4953
7604
736
2151
2395
5683
1344
6822
7951
7584
2680
8059
9338
8138
2931
7267
465
4015
8446
2672
8461
5740
6707
7945
385
7322
5783
4580
6174
4229
7384
1011
855
8049
1803
1946
4883
5470
4901
7999
313
69
310
7783
3335
147
6600
5286
661
2887
4968
3534
939
7865
1067
9286
428
8045
8076
3441
3415
1021
5804
3121
9473
2916
3317
3495
9261
5767
8371
1860
8540
5330
1517
6833
1858
8011
8242
6547
3925
3437
4284
8656
8028
1624
1522
7105
420
1127
3180
1540
1212
5918
2537
6412
1542
6064
3194
7824
9647
6495
8244
9961
701
5663
8629
1003
4534
3597
822
8249
2499
220
2113
7280
7646
4381
8983
2046
8332
7614
5735
2319
4166
7707
6395
1302
9721
8908
3730
1695
1811
3312
6715
2171
4721
6445
4320
2287
7708
5554
3853
3727
6029
9608
8680
2873
8625
2003
4491
3655
551
2618
9127
9516
8425
6800
2139
9311
2269
9232
3442
2953
124
9410
7530
8691
8676
6984
7644
3314
4827
7147
9908
9070
6001
8200
6271
9112
8004
1383
2540
3301
8731
1233
1503
2494
9521
8924
1077
2131
1033
7633
4247
6279
4315
3345
8299
8046
3888
9618
5652
1499
7273
5612
5206
701
7631
5979
2167
7403
72
1169
1013
5485
7487
3068
7651
152
2992
9882
6477
6250
6872
3887
8764
9679
9320
2010
5964
8621
4950
7338
3760
9932
5975
6087
6180
7562
6011
1974
576
4960
5087
5649
7385
9029
2956
7991
1325
9539
6295
135
1371
577
5509
2850
8015
6387
3836
7630
2044
6575
7713
5963
3438
6185
8395
5815
5370
3565
6988
7812
5082
439
2703
9708
8667
7829
4788
2223
4343
546
3147
8739
2198
8222
9291
184
2826
6576
3156
5593
517
5412
8903
5496
9243
9745
1908
2001
7122
1458
9918
5243
3845
860
1132
76
7297
7074
217
1430
4542
4638
1123
7961
5706
6824
6284
3403
843
1368
2390
934
7927
8080
3613
6262
2438
1444
4756
1910
1200
3780
6074
5216
5688
7181
907
5357
2920
9205
1031
2784
8531
1808
7217
4936
9411
7904
8595
5025
1055
4556
3818
4024
2944
3646
9295
1962
4072
4754
7396
9088
4089
4415
4704
5368
5080
2175
140
331
9157
1931
390
1750
2785
1643
2749
1560
4429
922
8661
1439
1933
713
9180
2782
7461
6484
2614
6105
5130
3953
1909
481
8701
514
6827
8662
7319
1555
6059
766
9870
5718
7171
3366
4006
9105
5841
2068
853
1513
4605
6179
2867
608
5027
5290
6185
8477
838
4654
8736
9768
7006
6268
3025
3354
6635
9948
2676
6546
3281
2972
9868
7187
4357
2518
4437
4112
8579
5486
4913
53
1154
6032
7689
6979
4127
8148
1874
1005
1268
4431
6852
1732
2653
7306
9999
4883
49
5586
1811
5296
8718
3795
1593
5621
5212
2112
2190
1062
6849
472
4112
1228
3552
242
4636
3608
9836
1964
4790
5616
3614
3081
7362
7460
7527
975
1244
3483
3243
366
8816
9456
4489
1325
2194
3479
8017
72
8410
6077
7529
4940
7736
1114
6036
157
8846
9806
2000
2493
6038
3607
60
493
650
1650
8617
1644
9560
659
6721
5790
1397
8218
6579
3189
1888
7334
5802
7772
8116
5529
8215
7803
8276
3484
9312
4735
2370
5402
1468
2130
4223
2152
6154
3985
7325
3496
8959
3234
316
3850
9672
6116
7192
6285
8754
7492
5844
8774
6570
6618
2249
8881
7336
1023
1596
1175
5144
2553
4418
3688
3399
3305
7673
9556
9772
3276
2502
3533
7313
4035
6807
3957
396
8158
9039
8040
8848
2909
5701
4062
5211
3628
1825
2746
4098
8685
8451
6474
4510
8900
4528
1284
6651
775
4939
5842
9277
3086
4675
925
1747
4997
8236
3191
5926
149
3154
8384
2257
8989
6155
2950
3062
8286
210
2757
9848
9114
7089
4091
4383
9488
5180
4890
739
6045
9123
1110
8547
2026
1466
1324
523
9014
9448
6974
4688
1393
7022
8715
9308
6553
3817
161
7862
388
7362
1418
2435
1322
6160
4462
2260
3752
4823
4549
6699
2772
8926
7116
1395
5256
1512
8104
7632
450
1202
4785
904
5936
676
2334
328
932
4260
7500
4955
1758
2501
7199
2386
2658
7618
876
7954
1990
8888
7195
9528
531
6623
2662
3984
1534
4516
1444
8654
5077
5551
6211
7744
8951
1853
9492
995
4696
7475
1092
9750
9510
7537
7507
8968
1345
9358
8032
284
8605
9395
3748
5731
7986
4229
1768
2352
4154
6724
6716
9962
6760
8418
1419
6774
8098
9183
665
1922
9061
262
5054
5787
555
6048
2822
438
8686
5449
7055
9621
1929
526
9066
4909
9728
8586
1316
1962
3515
6012
1022
8298
5928
6351
554
4759
8108
4473
834
1526
6080
9572
5859
5894
5665
1075
6613
3713
8
2064
3177
9782
8202
9925
3946
1679
1034
4732
9042
2362
663
6987
3935
1155
9136
1175
5298
2331
1582
6747
809
9243
80
442
6833
7627
3737
6286
2255
2693
3036
7420
576
8973
4253
5645
419
5149
7863
4955
7101
5277
1932
9739
6899
9776
5290
183
9126
7979
8753
9127
1044
3511
2339
7094
1947
7836
7074
7104
3048
6997
2450
6796
5289
387
1658
6135
2461
2654
456
2795
907
8762
7446
2646
7910
1994
6665
6928
3119
5641
9609
2176
1876
3283
2144
5576
2508
6263
6631
6909
6096
7135
5075
9429
7669
9402
7451
4153
2578
9717
5517
8441
2596
4043
3471
8031
1033
587
613
4688
667
3841
54
3561
5373
8245
9089
8069
4227
8389
8109
2005
9987
9270
2539
2997
7617
9880
231
4491
3056
6798
4244
9985
252
1109
9944
7052
5828
5211
2759
7951
6585
7097
880
552
2602
4096
7077
5982
1969
394
272
5484
7178
3896
7250
7697
2427
6241
9207
3742
3672
7125
5050
6503
9086
7776
3946
9249
5385
7926
2372
6268
8944
5584
3942
3736
9137
2058
2233
7046
5253
6925
66
7177
5212
176
8510
982
4941
4107
8357
6926
958
8736
4958
5780
4459
1098
1158
4000
6279
1810
3334
8691
9916
1278
5408
1016
6965
714
2934
2939
2657
9468
414
1257
722
3627
4899
935
5842
6493
8570
5349
7315
2662
5651
9358
8928
9969
4203
6856
5939
5369
9278
768
4747
5794
4467
6452
7043
9051
1212
46
766
3527
7127
4340
1244
2888
1744
1411
3631
3926
5156
5939
7173
9714
5698
9509
8498
6147
8552
1214
5784
5719
3018
9379
8020
9425
1205
3234
6455
901
3643
6889
2080
7947
967
1604
6335
4020
2726
1173
7725
5627
3959
4593
8086
4540
8262
7824
6366
7455
5425
7934
3899
1046
6043
6985
8134
8017
3907
9701
9837
4546
3080
5592
5734
2888
8835
9811
8749
2988
5571
7576
4260
6581
7604
2716
747
6504
6750
2677
6010
9661
5548
5333
3080
8867
9223
9334
1677
7006
3025
781
4668
7472
283
4064
1190
8822
5060
8935
7489
4704
1049
7874
1689
5787
6102
2084
794
5186
6806
2563
1113
1037
8535
153
8258
9751
9759
5080
4469
6358
2793
166
3002
4823
2612
419
9286
9851
9660
9559
9778
7920
7513
4218
2828
5247
9128
1754
6205
3376
9187
408
7478
3090
8763
3234
4373
7177
535
7461
2619
1255
872
8990
4851
3683
6747
7647
2004
5509
3432
7961
761
1551
7568
6738
6330
3723
1173
7427
2199
8703
6046
2920
3782
3985
3092
6878
766
9518
1914
2463
5889
2991
1355
5536
7164
8066
6277
997
2955
4067
7345
4020
9113
718
4880
5701
3599
7071
9562
4297
7150
7879
982
5524
5506
6475
2485
6569
4672
666
7269
1433
2901
7351
5161
1551
2671
9178
9393
5160
3403
2134
666
1455
5640
8190
3888
4484
7212
4474
8359
2725
3282
4308
2499
4471
504
5895
3519
7114
4977
2192
4952
5369
6954
1323
7491
5312
869
8464
3639
7119
4987
7352
5083
3857
9072
2168
4845
2686
5562
2287
24
5165
788
2914
7055
4047
9019
1833
948
3092
3223
4701
9856
9039
9005
8328
7822
1724
6601
5929
2989
2591
2647
4469
8763
3885
1291
8048
354
7499
1047
2687
9523
3212
7168
4156
2091
818
5681
8192
1685
2426
9632
3225
7520
7798
4979
2706
4905
5519
5873
8265
4883
7828
7298
9862
1604
5120
9557
3516
2886
9488
7194
1860
7908
5343
9775
7771
3505
8690
8925
6049
9969
9086
4217
8714
9435
4755
5760
6749
9966
1960
8531
8569
7728
78
4466
4313
2096
9531
6085
4297
2202
3234
9211
876
1641
5562
674
940
9588
5431
7661
1924
6772
6176
4527
2520
7510
3601
1186
8430
326
8895
4731
9911
2398
6632
1811
4394
281
6862
2592
677
9535
6362
5140
5431
6152
6074
8227
6726
9439
5489
5097
1876
7076
9554
2314
8155
9398
5957
9691
9441
5681
7924
9851
5871
3769
1983
1
1449
2518
2224
3802
822
3221
400
9881
9808
4708
7829
3038
7058
9283
8037
3085
9146
1715
24
6167
9664
5625
4166
5698
4796
4984
6469
3203
5039
8261
58
9787
5233
5687
1257
4808
8926
7099
607
5119
4768
7789
5421
3302
8585
8969
6960
1359
7644
367
6160
5593
7805
819
1388
6592
1071
7126
4428
3912
8097
5077
5087
8838
7143
8809
4102
8317
1235
6929
2456
9128
3751
7122
8001
2988
3394
9807
7860
5228
6202
4404
9958
2378
6134
5991
6494
7841
7141
6060
2844
8754
9680
701
8748
2943
1139
8055
7412
1319
5660
8309
8829
8511
3343
8500
7045
6383
364
2152
687
1798
9045
3150
1206
2664
2260
6009
6386
2221
6321
3480
2377
7239
5875
8551
6612
6755
4913
1045
2880
4143
467
4094
6768
1418
664
5329
3692
1219
1444
6578
5108
4158
1579
4211
4680
4472
8757
4706
876
3532
2740
3188
8165
6548
8803
4737
601
8147
8937
2346
7275
1631
9937
759
2891
8356
8226
9693
352
4427
3672
4388
2974
7352
2514
3389
7111
9031
5151
9988
3423
6760
6490
6848
3109
2866
773
281
8920
8851
167
4780
8635
4684
9116
9074
2351
7536
7700
6376
8259
1912
2133
4373
3544
4060
1996
94
1220
3546
4582
4247
9543
1987
336
3614
4098
5971
5685
5496
4187
2203
2564
4523
8179
3124
9025
1273
3543
2800
4849
6558
296
9719
7414
1147
5171
3090
5352
6742
7145
9199
8613
1659
6820
1133
8719
7426
2319
5803
3455
5205
3933
9574
26
2471
5879
7906
2243
2532
8267
3179
7409
6828
8577
8366
3751
7486
5280
6116
3115
7496
3017
6855
2867
6964
4042
8409
2448
7438
3555
555
5751
7056
7047
8469
2175
4254
6317
7742
9812
7927
3287
3785
2313
2314
9290
9292
17
9595
3020
2263
3984
3846
6543
7483
1462
667
7154
7168
6340
2041
6606
2847
3280
4852
700
4261
5
3582
6871
3574
2582
4004
2425
8393
7054
8997
9988
5735
1516
3858
4276
7221
6139
7765
915
4
2280
8868
160
3691
936
4773
4723
5699
2547
2315
4449
836
3762
9028
8073
411
6775
8613
2647
4100
9736
5239
5106
6293
8320
1754
4364
9870
6481
9258
4349
7902
7811
3407
278
3553
4967
2538
2500
796
1231
7187
4699
9131
2150
5899
1464
8459
1328
7195
7958
6681
6828
2531
6925
8351
2983
175
1632
5643
4675
8758
9228
1879
339
5962
2750
2009
1813
9986
3002
557
8103
587
9605
1147
7591
2707
4867
6692
4456
8279
5791
3674
8823
9266
4752
8085
5906
8399
3113
8879
7017
9868
3109
9701
290
3423
5589
2267
1723
623
3446
3627
2475
3133
76
8687
5906
5962
1386
3780
5414
2821
8090
7849
8774
9291
5317
8324
5722
1090
3009
6060
7009
2654
2076
928
3478
1632
835
185
6610
3197
2083
1364
9981
6694
4438
8510
3831
3284
9983
6841
6806
9562
4471
3513
4574
1732
3617
1384
7006
8213
4374
572
8706
2794
2259
607
7648
1083
8332
4450
9902
682
2114
8142
1689
1554
4774
9515
3735
3041
9542
8499
9515
7722
7519
1455
4778
9959
4557
702
2847
2036
365
8263
5831
2452
5755
9377
4126
9473
905
8549
9587
1014
5160
1928
2406
8050
6674
1467
6557
9257
2760
6533
4764
4285
2568
1073
8136
9351
9338
7136
9317
1945
7542
4230
866
9130
6131
6564
5911
8460
7147
2923
3630
6714
1303
2579
7915
1421
6266
3206
184
92
8720
7127
6492
916
988
5849
750
2535
3475
1483
4794
2892
3768
8473
7706
8659
4330
1693
7201
4162
9863
6149
5277
7480
5782
5168
8288
3942
5731
717
3127
2702
4277
9855
4256
2794
9583
3282
6745
8614
7682
4817
7753
1717
7602
5550
7997
9730
2849
2922
9150
812
5276
5305
4837
3170
3236
7221
6983
4796
4616
7474
4667
6260
2878
4794
3779
3665
3261
7401
943
8955
9997
947
1700
8427
6015
9115
7730
7899
5760
6058
3780
7581
7197
5903
1574
4357
7201
5582
9393
4664
6180
2958
7580
4886
7241
7526
1139
1835
468
2633
4751
3386
2226
3301
1119
5894
6531
5547
1305
7101
8441
6015
6238
9510
5421
9579
1218
3989
8353
8042
4284
2281
3811
505
2709
8966
6193
9382
118
3821
2734
6340
2996
994
7170
1743
2373
3524
5624
6818
7654
851
8944
9596
7595
3153
5021
6900
9811
5105
408
1722
2644
4648
9268
3643
8385
374
2481
3768
1863
6381
8780
7578
8736
4907
316
8644
8520
9941
6153
65
8334
5763
3722
622
1242
6093
7626
1666
9119
2288
9501
3153
7720
9361
4191
8644
8215
3635
1240
4765
1459
4848
3118
9578
8369
1154
2175
1087
6687
160
6600
5370
4277
7862
2497
7372
3259
9905
3125
3880
6293
1529
9530
8314
7539
6417
4648
1626
8222
9512
7934
1981
3788
9877
1191
8054
6906
6857
3151
9252
4861
6095
6950
2950
797
6788
6745
3834
783
5557
8317
3547
7339
6803
1903
7728
7840
210
1270
3982
6175
5883
7789
6797
8214
1132
633
9481
235
7069
432
7078
6671
3781
2211
6790
4492
8754
4733
4968
2453
2950
8589
3941
241
7881
1778
3365
6029
4464
4117
9337
3173
6228
9113
5604
4760
7146
9303
6929
9257
8027
3723
5723
7020
3339
9358
2808
296
3378
5383
7317
3269
1133
5012
6842
2931
5863
963
6934
2930
5553
5041
361
2301
3823
5254
9473
8869
2397
7063
6472
9472
7568
2273
6366
1078
4220
5481
953
3054
3533
9364
439
96
6784
4041
5115
2335
7189
3947
6979
7544
6137
961
4298
2767
8240
7391
1665
1267
8878
3451
925
4621
1093
8957
1669
3215
9511
6706
818
2278
2013
1947
6230
847
110
6602
7285
5518
333
8299
4433
3730
2026
580
8613
1779
9765
9195
7334
3431
919
3426
8248
633
306
3771
1194
1787
7713
5141
337
3358
4747
4314
2812
2889
2121
9429
3409
4198
8107
8688
4367
5022
4267
95
1469
7744
1218
1273
5591
0
8133
8634
438
3984
5265
6696
1327
4588
3728
4390
3115
7050
9374
1323
2164
5038
3808
8946
4507
9432
3663
3730
881
263
2201
2146
4091
1465
1840
8105
8035
9980
5454
5568
6566
992
1476
2411
9907
2822
3565
9482
1373
1710
1001
1250
9060
3298
9202
2822
6121
420
3745
8904
3043
6695
1227
640
1877
3857
7812
152
6737
7355
1032
6534
9634
3731
8853
4879
5461
2823
3276
4756
7374
9616
7922
408
957
9952
1105
6866
9414
7626
4173
3632
4867
4701
6906
3569
5204
8209
7242
2208
3734
1325
2431
6559
2908
651
6811
9633
5502
3898
9663
7288
7664
8739
228
7509
8626
7453
4847
7255
8086
2997
4271
8368
5634
9494
4848
7881
5480
5692
8818
793
3475
2677
6328
1728
7557
2568
2978
5309
5899
7285
6204
5232
8542
280
6084
209
9233
1724
9534
1862
3579
7192
5786
7723
9720
9712
9798
5615
7766
5797
369
2250
1111
8547
1628
9794
81
8020
3494
1117
2816
5719
9893
2283
5690
3993
7160
3818
9577
3373
9437
1861
4163
951
142
1905
1528
2929
5513
1833
5635
6157
3385
6428
7001
2957
2381
1791
1679
9219
6587
3465
8487
9939
9699
5432
64
559
3486
9749
8733
8736
2787
6321
6767
2315
9768
5711
5405
7841
4149
7881
9054
9770
9137
6762
277
7918
1024
6318
1225
4655
1842
3046
4633
6457
4696
7134
2850
2981
9858
3149
8325
4677
3578
6813
9246
5940
5531
2302
8029
2462
1674
5787
8774
8475
5813
7604
9827
5151
8899
368
2454
580
5982
2741
2981
461
8052
1057
3007
9120
1568
6610
1331
6001
4318
7890
3641
8653
3252
9613
980
1424
4320
4035
5143
5149
8245
9414
9715
8566
5352
8229
3146
1697
861
3873
8970
2261
774
8331
4322
2548
8274
2040
1097
3324
8853
74
7458
8521
2343
2052
1515
4130
3391
9481
2887
8804
1775
337
9574
8287
481
6312
3016
2656
7665
1491
3854
1050
5440
6167
7548
2200
4127
4518
764
8908
7849
4494
2150
6136
8861
8800
9958
2043
1610
2804
8106
607
3476
2306
2497
7191
9776
9207
3598
9524
6334
2894
8924
8699
1399
1871
1520
7648
6645
6744
4336
6296
2161
805
79
3653
9438
8208
4112
6002
5358
412
5460
8408
3368
2374
4005
6631
202
1975
8119
2354
7196
3337
7149
8632
7865
1258
186
2033
7677
7199
7837
5168
1522
2990
4258
9010
8682
1872
5439
2606
4213
7598
4664
2528
7177
5137
9493
5707
1695
8497
9817
8819
7240
7066
856
1928
4235
6209
596
5756
7578
7745
8131
9391
880
4596
5118
8641
2538
9726
487
3839
7607
767
713
735
5128
849
918
2366
269
8548
4779
7477
970
9495
9169
2304
8910
9755
9485
2884
5554
4825
7298
1115
2719
8225
7805
3425
8717
5939
6173
4759
5643
5524
8336
3942
396
9015
4661
6755
3186
3415
2421
6717
8636
1952
1466
7561
6239
9604
5144
366
8650
7195
2332
9574
1202
3843
1124
6059
4137
4705
8041
7556
6636
7926
367
8090
2597
6833
8759
4015
5729
9621
6387
8206
844
5979
9816
7813
2876
6942
8879
6841
8606
8790
5817
9311
4901
2054
9194
8558
6444
9634
2797
1072
3344
5085
5208
3511
5667
4186
8702
2164
5496
5305
2303
8914
5369
7328
4035
9978
3019
6870
1131
4274
6225
9109
173
7441
758
7282
7002
1060
3135
8158
6056
6734
1352
5414
2290
5441
1606
2760
3277
6144
103
5116
9891
801
7973
2127
6203
4380
9174
7300
9315
6851
3495
4214
1155
1753
8418
2452
6984
3879
1828
1728
8015
6845
6342
3544
552
4535
2619
7540
6853
9886
3331
9566
9541
3066
7657
1219
337
9031
1627
5136
866
2480
3307
3282
2875
2430
3111
6025
735
1206
6780
1744
9427
6591
9821
9750
3287
4381
7753
4451
8725
2283
3431
1343
9093
9664
1517
3261
9097
5685
438
4826
7424
9554
6266
44
8713
9138
1772
9983
5496
3299
5415
8188
6824
4582
8741
5972
4234
2069
5880
3805
28
3787
8890
2733
8497
2086
9187
4517
666
6676
8922
4936
1592
555
7765
9041
9734
1092
7841
103
4172
3612
7510
2417
5338
2061
7910
5029
7249
3452
4627
8207
7928
2779
4359
1735
4959
9662
7074
3199
5788
2094
4816
7186
5237
1775
792
177
889
9829
1959
4927
2927
8780
5716
4758
3630
8587
2259
9732
9500
8507
3866
7885
1874
2592
6697
2454
4724
7750
9420
952
6155
8068
4927
1919
1660
1316
9222
3928
1127
3372
1348
5133
6294
747
7002
2837
4724
9762
2915
4442
6061
6675
3738
5122
9645
2381
4086
9524
4469
8613
1932
8491
1349
4643
4140
4406
8666
8308
9791
4869
2613
6607
2929
8597
7033
2710
2659
7269
9163
9042
9884
7290
1172
4927
4749
5655
1996
639
3421
3938
4189
5809
2804
8045
2215
5167
1509
5804
483
4252
554
4944
9179
193
9603
202
7046
7496
712
6210
8702
2422
3251
3748
553
6575
5389
3242
4921
1484
7249
5882
6565
9356
6486
8318
5616
4569
7760
2039
2829
8007
3583
6527
7389
4116
9130
4922
1627
4819